118
470
1058
1880
2938
5640
9048
13160
17978
23500
34898
47940
62628
78960
96938
127840
161798
198810
238878
282000
351231
427755
512196
605232
707587
820046
943453
1078717
1226815
1388803
1595229
1818827
2060796
2322414
2605043
2910129
3239210
3593924
3976012
4387323
4869381
5382982
5929882
6511920
7131034
7789258
8488730
9231697
10020519
10857676
11857343
12913686
14029449
15207495
16450818
17762545
19145941
20604414
22141527
23760997
25933410
28214785
30609702
39747505
51493509
55474876
59648780
64023195
68606389
73406955
79345238
85573753
92104572
98950215
106123703
113638552
121508783
129748946
138374168
147400127
158227752
169572387
181455292
193898546
206925087
220558723
234824141
249746989
265353867
281672373
369337595
473538898
430636533
688586209
686078166
630281734
843249355
963955058
1322659532
1406035568
1507651756
1614099432
1725577160
1842290785
1964454143
2232028247
2639178042
3090465239
3588823339
4044607839
4456751915
4958953578
5513124347
6142844405
6790545257
7318001174
7945563314
8553759314
9663913517
10856262156
11912370495
13022074743
14187639915
15411418657
16695855794
18043488114
19456952321
20938984914
22492429041
24120234048
25825464827
27611301442
29481044735
31438122432
33486090755
35628643264
37869612718
40212975181
42662856947
45223539054
